10100
10100
10100
10100
10100
10100
10100
10100
10100
10100
10100
10100
10100
10100
10100
10100
10100
10100
10100
10100
10100
10100
10100
10100
10100
10100
10150
10150
10150
10150
10150
10150
10150
10150
10150
10200
10200
10200
10200
10200
10200
10200
10200
10200
10200
10200
10300
10300
10300
10300
10300
10300
10300
10300
10300
10300
10300
10300
10300
10300
10300
10350
10350
10350
10400
10400
10400
10400
10400
10400
10500
10500
10500
10500
10500
10500
10500
10500
10500
10600
10600
10600
20100
20100
20100
20100
20100
20100
20100
20100
20100
20100
20100
20100
20100
20100
20100
20100
20100
20100
20100
20100
20100
20200
20200
20200
20200
20200
20200
20200
20200
20400
20400
20400
20400
20400
20500
20500
20500
20500
20500
23100
23100
23100
23100
23100
23100
23100
23100
23100
23100
23100
23100
23100
23100
23200
23200
23200
23200
23200
23200
23200
23200
23200
23200
23200
23200
23200
23200
23200
23200
23200
23200
23800
23800
23800
23800
23800
23800
23800
23800
23800
23800
23800
23800
23800
23800
23800
23800
23800
23800
23800
23800
23800
23800
23800
23800
23800
23800
23800
23800
23800
23800
23800
23800
23800
23800
23800
30100
30100
30100
30100
30100
30100
30100
30100
30100
30100
30100
30100
30100
30100
30100
30100
30100
30100
30100
30100
30100
30100
30100
30100
30100
30100
30100
30100
30100
30100
30100
30100
30100
30100
30100
30100
30200
30200
30200
30200
30200
30200
30200
30200
30200
30200
30200
30200
30200
30200
30200
30200
30200
30200
30200
30200
30200
30200
30200
30200
30200
30200
30200
30200
30200
30200
30200
30200
30200
30200
30200
30200
30200
40002
40002
40002
40002
40002
40011
40011
40011
40011
40011
40011
40012
40012
40012
40012
40012
40021
40021
40021
40021
40021
40021
40021
40022
40022
40022
40022
40022
40022
40022
40022
40031
40031
40031
40031
40031
40031
40031
40031
40031
40031
40031
40032
40032
40032
40032
40032
40032
40032
40032
40032
40032
40032
40041
40041
40041
40041
40041
40041
40041
40041
40041
40042
40042
40042
40042
40042
40042
40042
40042
40042
40042
40042
40051
40051
40051
40051
40051
40051
40051
40051
40051
40051
40051
40051
40052
40052
40052
40052
40052
40052
40052
40052
40061
40061
40061
40061
40061
40061
40061
40062
40062
40062
40062
40062
40062
40062
40062
40062
40071
40071
40071
40071
40071
40071
40071
40071
40071
40071
40072
40072
40072
40072
40072
40072
40072
40072
40072
40072
40072
40072
40081
40081
40081
40081
40081
40081
40081
40081
40081
40081
40081
40081
40081
40081
40082
40082
40082
40082
40082
40082
40082
40082
40082
40082
40082
40082
40082
40091
40091
40091
40091
40091
40091
40091
40091
40091
40091
40092
40092
40092
40092
40092
40092
40092
40092
40092
40092
40092
40092
40092
40092
40092
40092
40101
40101
40101
40101
40101
40101
40101
40101
40101
40101
40101
40101
40101
40101
40101
40102
40102
40102
40102
40102
40102
40102
40102
40102
40102
40111
40111
40111
40111
40111
40111
40111
40111
40111
40111
40111
40111
40112
40112
40112
40112
40112
40112
40112
40112
40112
40121
40121
40121
40121
40121
40122
40122
40122
40122
40122
40122
40122
40122
40122
40122
40131
40131
40131
40131
40131
40131
40131
40131
40131
40132
40132
40132
40132
40132
40132
40132
40132
40132
40132
40141
40141
40141
40141
40141
40141
40142
40142
40142
40142
40142
40142
40142
40151
40151
40151
40151
40151
40151
40151
40151
40152
40152
40152
40152
40152
40152
40161
40161
40161
40161
40161
40161
40161
40161
50100
50100
50100
50100
50100
50100
50100
50100
50100
50100
50100
50100
50100
50100
50100
90900
90900
90900
90900
90900
90900
90900
90900
90900
90900
90900
90900
