001
003
015
001
005
026
001
015
026
001
015
001
001
015
001
001
001
001
005
007
001
005
007
001
005
026
001
015
001
001
015
001
015
001
015
021
002
002
002
002
002
002
002
002
002
002
002
026
002
002
026
002
002
003
005
003
001
002
003
005
002
001
005
007
001
002
005
007
023
026
001
005
007
015
026
001
005
007
013
001
005
008
021
021
021
022
023
021
021
021
021
021
005
021
022
023
021
022
005
021
022
023
022
005
022
001
005
022
023
021
021
022
021
023
021
023
008
021
022
023
005
005
022
005
021
022
005
021
022
005
023
005
023
005
023
005
021
022
023
005
022
023
005
023
005
022
023
005
021
022
005
021
022
001
005
021
022
023
023
023
023
023
023
023
023
023
023
023
022
023
021
022
023
005
022
022
022
022
022
023
022
005
022
022
023
021
022
023
001
005
014
026
001
001
001
015
001
001
005
007
001
005
007
013
015
001
007
013
001
005
015
001
002
007
014
001
005
007
026
001
005
005
026
026
026
014
026
001
026
001
002
001
015
001
005
001
007
001
005
007
001
007
015
001
005
001
005
001
001
005
007
015
001
002
005
021
022
002
003
001
002
026
026
026
026
026
026
026
026
026
026
026
026
026
026
026
026
026
026
026
026
026
026
026
026
026
026
026
026
026
005
026
001
026
001
001
007
026
001
007
026
007
026
001
026
001
001
001
026
001
001
026
005
007
001
001
001
001
001
026
001
001
001
001
026
001
001
026
001
002
026
001
001
005
001
001
001
001
015
001
005
026
001
026
001
001
001
026
001
001
001
001
001
005
001
001
001
001
001
001
001
001
001
001
026
001
001
001
001
005
001
007
026
001
026
001
005
001
005
001
001
001
001
026
001
001
005
007
026
014
005
014
001
026
007
026
005
007
001
005
007
007
007
007
007
007
007
007
007
007
007
007
007
007
001
007
026
005
007
001
001
001
001
001
001
001
001
005
001
001
001
026
001
026
001
005
005
005
001
001
026
001
026
028
005
001
005
026
001
005
026
005
001
005
001
026
001
001
005
005
005
007
001
026
001
005
005
001
001
005
005
005
001
026
001
001
001
001
005
001
001
001
001
026
001
026
001
026
001
001
005
001
001
001
001
001
001
001
001
001
001
001
001
001
001
005
001
001
001
026
001
001
001
015
022
001
015
015
001
015
001
015
001
005
005
003
003
003
003
001
001
003
003
003
003
003
001
005
003
003
003
003
003
026
003
003
003
003
003
003
003
005
003
026
003
003
003
026
003
003
001
026
026
026
026
026
005
026
005
026
026
026
026
026
005
001
002
003
005
007
014
015
021
022
023
026
028
