50010
50010
50010
50020
50020
50020
50025
50025
50025
50030
50030
50040
50050
50050
50060
50070
50080
50090
50090
50090
50100
50100
50100
50110
50110
50110
50120
50120
50130
50140
50140
50150
50150
50160
50160
50720
50730
50740
50750
50760
50770
50780
50790
50800
50810
50820
50830
50830
50840
50850
50850
50860
50870
50870
50870
50880
50890
50890
50890
50890
50900
50910
50910
50910
50920
50920
50920
50920
50920
50920
51070
51070
51070
51070
51070
51080
51080
51080
51080
51060
51060
51060
50180
50190
50200
50200
50200
50210
50220
50230
50235
50240
50250
50250
50250
50250
50260
50260
50263
50263
50263
50263
50265
50270
50270
50307
50307
50307
50307
50310
50320
50325
50330
50330
50340
50340
50290
50290
50290
50290
50300
50350
50350
50360
50360
50360
50370
50370
50370
50380
50380
50390
50390
50400
50400
50410
50410
50410
50410
50420
50420
50420
50430
50430
50440
50440
50440
50450
50450
50450
50460
50460
50460
50470
50470
50470
50470
50480
50490
50500
50510
50520
50530
50540
50550
50560
50570
50580
50590
50590
50600
50600
50600
50610
50610
50620
50630
50640
50650
50650
50660
50670
50670
50690
50700
50710
50710
50710
30010
30010
30010
30010
30020
30030
30040
30040
30050
30060
30060
30060
30070
30070
30070
30070
30070
30080
30080
30080
30090
30090
30090
30100
30100
30100
30100
30110
30110
30110
30110
30120
30120
30140
30150
30160
32010
32020
32020
32030
32030
32040
32040
32050
32050
32060
32060
32070
32070
32080
32080
32080
32090
32090
32090
32100
32100
32110
32110
32120
32130
32130
32130
32130
32140
32140
32140
32140
32140
32150
32150
32160
32160
00010
00030
00050
00055
00060
01010
01020
01030
01040
01050
01060
01080
01090
01100
01110
01120
02010
02020
02030
02040
02050
02060
02070
02080
02090
02100
02110
02120
02130
02999
02999
03010
03010
03020
03030
03040
03050
03055
03055
03055
03060
03060
03070
03070
03080
03090
03100
03100
03110
03120
03120
03999
03999
04010
04020
04030
04040
04050
04050
04060
04070
04080
04090
04090
04100
04110
04110
04120
04120
04120
04130
04999
04999
05010
05020
05030
05040
05040
05050
05050
05050
05060
05060
05070
05080
05090
05090
05100
05110
05120
05130
05140
05999
06010
06020
06030
06040
06050
06060
06070
06080
06090
06100
06100
06110
06120
06130
06999
06999
07010
07010
07010
07020
07020
07030
07030
07040
07040
07050
07060
07070
07080
07080
07090
07100
07100
07100
07100
07110
07999
07999
08010
08010
08020
08020
08030
08030
08040
08040
08040
08050
08060
08070
08080
08090
08100
08110
08120
08130
08140
08150
08160
08170
08180
08180
08180
08999
08999
09010
09020
09030
09040
09050
09060
09070
09080
09080
09090
09100
09110
09110
09120
09120
09125
09130
09140
09150
09160
09170
09170
09180
09180
09180
09999
10010
10010
10010
10020
10020
10020
10030
10040
10040
10050
10050
10060
10070
10070
10080
10090
10090
10100
10100
10110
10110
10120
10130
10140
10999
11010
11020
11030
11030
11040
11050
11060
11070
11080
11090
11100
11110
11120
11120
11130
11130
11140
11140
11150
11160
11999
12010
12020
12030
12040
12050
12060
12070
12080
12090
12100
12110
12120
12130
12999
12999
13010
13020
13030
13030
13040
13050
13060
13060
13060
13070
13070
13080
13090
13090
13100
13100
13110
13110
13999
14010
14020
14030
14040
14050
14060
14070
14080
14090
14100
14110
14999
14999
15010
15020
15030
15040
15050
15050
15060
15070
15080
15090
15100
15110
15120
15999
16010
16010
16020
16030
16040
16040
16050
16060
50930
50930
50940
50950
50960
50970
50980
50980
51010
51010
51020
51030
51040
51050
51999
90900
90900
90900
90900
90900
90900
90900
90900
90900
90900
90900
90900
