985.38
535.97
3152.10
2249.17
368.15
0.00
836.24
533.51
1.39
1023.05
1509.48
7599.02
1333.40
0.00
2181.21
2338.91
2182.48
15.75
1573.95
71.92
3048.10
1418.73
33.00
1092.94
114.77
35.97
2753.83
202.05
907.69
0.00
1681.63
1816.99
0.00
1958.25
0.00
3870.00
7149.26
5209.34
3072.50
8233.58
3433.76
2933.39
1880.61
3005.25
3865.57
4339.85
1288.34
96.93
5082.32
4222.89
77.22
2997.07
362.42
426.39
64.96
1192.54
0.00
279.20
886.68
120.01
3129.10
2441.92
1280.04
63.00
506.18
111.04
237.40
28.00
0.00
0.00
4664.87
2475.43
1780.10
92.69
0.00
145.00
354.42
330.75
0.00
30.00
0.00
1401.10
5994.13
6153.14
10138.64
0.00
0.00
2021.56
2297.54
3436.14
975.27
857.49
144.71
5565.38
681.64
642.43
4286.72
0.00
0.00
0.00
0.00
0.00
5203.62
358.23
7925.19
0.00
0.00
0.00
0.00
2328.94
4785.83
18407.50
0.00
4333.13
418.69
3154.24
0.00
0.00
47.75
1084.81
965.05
923.39
6706.10
796.11
0.00
1069.37
0.00
0.00
2796.82
44.91
1441.32
57.90
1782.33
41.94
1570.59
0.00
60.83
463.84
412.11
10.96
0.00
598.80
7.96
971.19
0.00
2201.75
0.00
26.91
275.77
1165.17
115.84
520.42
1710.66
1.99
330.61
3970.18
2634.67
7079.73
7650.49
8877.79
9483.18
9741.87
10995.50
10519.88
11469.00
9799.98
11201.67
5540.59
2674.43
3560.70
0.00
5351.30
0.00
32.45
16978.17
12354.55
12477.11
10939.32
9450.00
616.75
16176.76
13.86
19182.09
17087.39
1323.91
61.47
1371.40
209.85
2216.26
40.90
2782.92
0.00
1288.78
758.48
885.85
144.00
1333.64
768.74
315.71
37.00
513.53
1230.22
0.00
996.97
622.86
791.89
1603.13
1040.14
1449.63
659.34
0.00
1592.29
143.91
0.00
608.78
4005.15
107.77
108.46
184.84
1268.81
121.56
6000.05
1843.74
563.78
756.45
0.00
334.37
702.32
822.08
2971.44
0.00
1091.65
30.03
4432.77
80.46
2653.30
433.85
0.00
1114.33
1810.78
274.92
1684.62
832.28
823.89
477.00
4594.95
0.00
681.81
957.90
179.10
0.00
0.00
171.00
595.62
0.00
0.00
0.00
668.18
1706.81
182.69
1245.94
164.80
4073.55
3771.11
1517.27
3911.97
3049.31
2867.81
3958.53
3344.68
2249.25
2130.47
4484.62
3504.42
4237.29
2013.22
1912.75
2823.40
1748.38
3138.20
3076.36
6442.38
3671.14
2782.12
4408.99
3959.74
3385.16
2476.91
3559.52
3478.65
0.00
0.00
969.04
0.00
2578.44
2254.86
4832.47
3726.40
187.53
4778.98
1616.88
10881.37
5775.95
4742.41
254.46
4641.34
4741.94
2863.51
139.77
1338.99
1593.15
0.00
142.14
9.52
3166.63
3181.37
4726.02
2826.32
2310.06
0.00
6055.42
4638.49
2671.89
2078.07
274.25
1107.60
5097.06
62.65
4544.93
7.54
0.00
4858.17
39.92
153.39
1639.72
3502.35
2379.45
2767.19
129.33
4081.61
0.00
0.00
3444.40
81.41
4762.02
3340.35
4578.18
0.00
3580.34
1316.30
2870.41
1215.55
3425.75
222.28
2852.08
2063.21
1672.50
1760.13
407.95
3221.00
2439.31
1347.03
2107.24
3228.54
132.21
2480.57
4849.38
3392.17
49.90
327.01
3628.14
142.23
88.92
1209.48
75.32
1181.43
934.97
0.00
1957.92
1220.52
7425.80
659.22
2411.70
0.00
1547.86
0.00
1084.49
34.93
0.00
12617.04
168.23
0.00
1779.34
239.84
919.54
0.00
0.00
1147.65
0.00
0.00
4601.17
7168.09
10877.28
7898.19
2034.93
8854.93
9213.33
10699.72
8890.64
3585.96
6788.60
2132.42
2776.31
3527.71
1836.48
1822.56
816.90
309.09
9.54
6621.31
2556.02
5938.33
2497.49
4106.14
2288.97
4332.12
1392.44
2403.61
2174.78
4223.44
1326.73
400.85
1097.29
488.04
2071.26
2866.34
2825.97
969.05
2203.73
2696.41
0.00
6748.80
215.76
55.98
339.72
2985.63
0.00
0.00
6227.20
258.04
84.74
1207.12
1583.42
69.34
2083.02
0.00
1941.02
129.43
2552.10
2232.54
3738.08
0.00
2743.38
0.00
5652.60
60.47
1086.20
2403.55
5648.79
273.10
2612.40
1862.19
4333.69
0.00
1880.17
8400.71
5527.75
5284.03
1199.26
1656.12
1958.33
6357.38
5571.83
84.90
3277.11
325.51
3628.86
131.78
2802.04
3014.37
152.96
3247.90
3035.60
3438.47
2010.32
2121.67
2869.37
2827.33
477.76
1324.04
1324.31
2884.34
4248.85
3964.37
0.00
211.37
2084.05
2370.25
1783.12
21.53
2931.62
2711.68
0.00
1459.27
0.00
105.07
588.74
3441.59
119.97
2499.06
0.00
2243.30
2008.23
243.90
252.50
3404.77
3139.99
2934.93
1201.31
2528.46
3976.11
5881.43
6561.38
6024.04
4893.27
4697.75
20.24
194.78
2081.70
2079.07
3048.59
2356.01
1089.64
169.20
675.01
3194.44
3641.68
4557.30
8569.64
4845.23
2692.30
401.68
4721.93
189.53
552.49
3188.93
1870.97
109.91
3110.33
1226.14
0.00
90.00
3832.56
2964.35
2906.01
905.00
347.42
3209.45
0.00
1795.49
755.51
1131.16
1625.33
1091.63
599.86
344401.14
46207.26
50157.78
31627.66
26181.02
1994.25
13686.52
16166.08
102409.01
49547.99
9086.70
4727.27
