1890.21
426.11
1733.14
3159.80
0.00
349.65
1328.24
511.10
0.00
2676.05
0.00
778.70
1141.25
43.51
2270.66
1416.87
1200.28
0.00
4712.07
0.00
1291.43
2041.24
0.00
2146.50
97.93
0.00
7468.57
0.00
883.89
0.00
1917.18
1084.19
1146.15
2780.47
0.00
3534.90
6964.31
5748.00
2280.14
7967.01
1958.45
3164.03
1508.58
3361.82
3072.55
4401.88
1716.04
264.63
3796.83
3875.74
0.00
3592.51
0.00
777.13
129.50
2312.13
0.00
0.00
297.62
226.08
1885.87
2070.73
1618.10
0.00
0.00
135.58
1347.60
0.00
0.00
85.31
7022.00
2976.95
1279.85
523.38
0.00
482.50
1846.55
203.50
240.00
0.00
0.00
3378.63
6084.07
4847.13
7989.58
555.74
939.22
1701.52
3894.73
4109.26
1835.60
1489.04
0.00
7483.64
327.68
0.00
3905.64
1036.63
10.89
12.00
702.51
866.47
8241.41
0.00
0.00
169.97
2176.38
7407.55
430.09
3578.56
2943.69
21048.10
0.00
6283.42
0.00
3766.01
0.00
0.00
0.00
0.00
0.00
1577.63
7224.23
1150.04
0.00
3496.12
35.91
0.00
2984.63
0.00
1546.85
27.93
2420.15
31.92
2439.98
63.84
0.00
306.00
2709.74
39.90
319.84
1379.94
51.87
909.19
55.86
1771.82
0.00
27.93
0.00
1944.25
27.93
956.52
2554.55
179.49
189.67
3117.22
3080.40
8016.21
9984.28
10259.10
10602.88
10964.74
12587.19
12897.73
12471.74
11335.64
12263.22
5870.47
0.00
5895.48
0.00
4803.33
759.72
0.00
20218.15
17292.60
13445.51
12496.88
10978.66
1425.26
23291.48
0.00
26818.74
18395.52
6074.22
0.00
2599.07
0.00
1873.97
0.00
2033.04
53.91
1629.65
789.70
59.95
481.90
622.00
1142.46
471.57
818.09
622.78
2012.01
0.00
1050.28
601.72
764.89
1185.89
927.07
858.76
589.41
681.75
865.73
0.00
4780.09
553.89
3904.10
197.67
142.71
97.25
1039.19
414.23
8787.74
726.66
1309.49
0.00
664.91
1020.79
877.75
1099.79
2231.70
132.65
1007.46
174.53
2441.46
350.73
2900.92
501.92
0.00
3753.11
935.59
537.45
1221.02
381.80
901.32
89.79
3890.72
0.00
1190.43
322.50
0.00
610.78
76.33
339.84
0.00
62.80
727.48
1551.03
954.97
526.98
123.34
766.99
632.54
4913.63
7359.12
3254.39
5449.93
5345.48
3182.42
5930.62
4572.71
3861.83
2910.49
7228.77
5233.41
5830.88
2959.27
3268.02
2972.63
1980.43
3238.53
4682.92
6794.23
4786.74
3425.22
5459.97
5883.47
4140.38
2969.09
4215.28
4084.06
0.00
119.40
1344.14
58.68
2683.79
2033.43
6372.20
5239.87
139.65
4680.29
2762.31
12099.66
5512.21
3917.10
155.20
5361.27
4759.06
2917.51
121.23
893.65
1856.36
355.53
113.10
0.00
2818.27
3092.83
4822.38
3610.21
2151.39
85.41
6088.39
4943.16
2628.60
2174.53
316.01
1203.95
5770.24
91.29
4451.84
45.02
9.98
5566.09
49.90
159.87
2067.36
4769.11
3298.97
3077.13
121.52
3783.71
29.85
15.96
3557.72
164.72
4620.41
3506.88
4998.00
17.91
3752.81
1333.41
2698.66
1320.27
4386.78
210.43
3003.45
2893.33
2322.62
2146.40
346.72
4343.99
2948.32
1681.17
2555.65
3935.92
35.90
2445.34
5726.39
3818.49
0.00
214.54
3758.90
0.00
0.00
1054.75
0.00
1113.96
906.54
29.52
2726.27
954.97
6880.48
481.66
2686.01
17.45
1472.39
459.67
1074.35
122.00
119.72
12656.15
84.28
153.24
1961.64
103.92
983.42
75.91
5.99
1226.77
4607.04
67.35
1293.79
7257.73
14364.99
8344.61
2088.21
13227.75
13263.48
2075.89
8814.29
3360.10
8027.40
2566.51
2856.13
3211.97
3099.59
0.00
353.78
159.55
62.05
9375.40
3162.78
6769.77
2720.55
4305.86
3122.16
4037.22
1334.62
2840.82
1736.17
5316.59
1474.27
1797.59
1188.39
947.84
2905.11
3073.78
4008.60
965.67
1862.75
3033.75
0.00
6313.68
105.90
0.00
181.01
2787.82
0.00
60.39
7113.31
27.55
144.77
1653.08
1488.09
49.83
3115.80
321.35
2060.54
137.35
4492.56
3206.42
3980.59
108.00
2935.02
0.00
4892.60
0.00
1350.21
3170.34
5634.06
151.72
4082.56
1868.32
4704.19
43.45
2093.81
9007.30
3936.69
6979.34
1693.89
1848.38
1939.56
6528.74
4545.61
113.88
3453.70
460.12
3049.45
149.75
2583.13
2850.85
80.25
3288.86
3309.83
3588.53
2486.22
2030.98
3301.80
3197.18
868.11
1057.78
1455.04
4592.27
4195.70
3968.76
197.16
75.66
2795.35
3178.94
1611.95
4.50
2970.72
3373.26
48.93
1217.28
164.70
271.75
737.62
5232.45
188.71
3580.25
0.00
2946.60
2153.20
439.48
104.34
4206.68
3921.30
3568.04
1217.15
2762.71
3983.79
5046.10
6981.12
5697.14
6410.56
6031.53
15.06
65.78
2857.55
2037.10
2450.14
2589.29
1644.37
0.00
804.76
3644.13
2880.09
3757.99
8167.75
5749.30
2765.44
43.92
4694.81
92.61
771.07
3644.21
2693.96
129.24
3241.01
1151.37
0.00
90.00
5496.17
5819.26
4879.53
389.22
95.84
4060.73
0.00
2100.80
2323.73
1156.02
266.31
1992.10
2290.62
347472.00
40841.65
52203.92
44512.60
29557.00
2341.02
15051.73
12158.20
118930.94
47772.15
13913.99
5923.33
