845.06
495.97
2257.25
820.08
0.00
0.00
736.02
628.80
0.00
2684.04
0.00
1156.17
934.59
0.00
2467.92
912.41
500.54
0.00
4242.06
0.00
2263.07
1165.21
0.00
1617.55
272.63
23.98
5870.44
0.00
930.70
1318.59
0.00
1486.34
0.00
1577.03
1479.72
3761.64
5666.04
5627.94
1992.68
7189.94
2486.02
1739.87
1410.87
2576.12
2629.48
3412.81
1127.19
162.28
2645.07
3417.18
37.90
1053.73
0.00
749.36
129.50
2293.49
105.00
147.00
1147.63
59.80
2240.31
383.11
1117.48
0.00
0.00
99.80
79.18
0.00
97.94
0.00
4864.70
1499.96
784.36
872.63
95.74
485.10
254.70
152.90
148.00
12.50
1051.12
3383.50
5336.57
4968.87
10346.88
0.00
0.00
1397.03
2101.30
4236.37
1531.23
1006.81
123.73
6212.00
855.46
812.30
4213.03
0.00
0.00
0.00
0.00
0.00
6143.20
0.00
0.00
37.41
550.49
8053.20
0.00
2353.23
3757.59
16932.60
3311.15
1424.40
0.00
3744.38
2.00
1.50
131.92
763.66
1644.68
1128.97
7885.84
627.82
834.93
0.00
0.00
435.19
0.00
59.88
812.64
33.48
862.92
50.22
1227.67
0.00
0.00
0.00
796.11
53.01
0.00
1439.00
44.64
1109.04
0.00
0.00
1040.36
7.98
1336.95
0.00
99.96
534.04
1102.79
138.51
486.00
2706.57
5764.14
6889.52
7509.63
9447.32
9813.58
9779.58
10811.73
12488.32
11504.95
12495.69
10158.50
6512.65
2348.21
3777.54
119.91
4969.48
226.01
25.96
19467.26
12900.29
11506.98
10890.80
10142.92
1239.75
16851.52
0.00
21115.81
20433.28
2963.05
0.00
1714.53
55.96
2219.58
40.62
1313.88
53.91
2115.11
618.76
293.02
315.32
603.37
1496.35
1008.21
0.00
499.22
1575.11
14.00
942.77
526.87
653.08
987.13
742.69
862.90
619.38
251.37
1046.84
0.00
0.00
518.96
3509.85
179.70
9.95
162.73
915.58
69.82
7671.87
2007.27
1510.42
0.00
646.24
572.39
735.59
1034.94
1249.62
0.00
925.97
53.91
938.80
97.62
899.49
495.71
233.82
3722.82
692.92
313.44
1551.76
497.82
444.27
74.76
3449.97
0.00
604.48
665.40
233.87
0.00
0.00
701.43
0.00
155.61
639.59
0.00
506.25
298.53
379.09
565.66
742.52
4676.14
6270.00
2285.04
4378.95
5843.70
3302.80
5057.13
3998.28
2536.62
2517.98
7005.19
4294.01
5717.14
3005.02
2350.80
3280.39
1749.05
3024.15
3863.32
5172.78
4120.36
3446.43
5510.54
4499.73
3313.71
2261.50
3496.39
3468.40
175.12
0.00
1663.96
0.00
2799.21
2174.52
4231.32
4526.95
258.13
4789.30
2205.94
11066.59
5910.20
5471.88
103.56
5336.82
4367.95
3126.06
43.89
1457.14
2577.53
0.00
89.74
0.00
3155.04
2730.44
5083.16
3505.45
2245.40
0.00
5968.31
4330.93
2361.72
2056.13
334.44
978.23
4549.96
105.61
4715.01
0.00
0.00
5471.91
19.96
118.64
1792.49
3520.24
2832.90
3117.56
113.39
2925.16
0.00
290.94
2945.70
182.25
4239.79
2597.01
4652.75
0.00
3338.34
1313.48
2583.11
1025.81
4174.18
179.59
1928.68
2299.17
1589.38
1778.39
444.01
2927.91
2456.01
1807.84
1259.53
2539.98
51.48
2015.14
4217.41
3404.13
0.00
281.32
3594.51
0.00
34.97
1338.41
18.95
1680.35
951.46
0.00
2090.44
987.45
7700.69
837.10
2023.36
0.00
1077.25
434.82
554.45
58.94
86.16
12295.66
118.39
149.22
2327.78
51.96
900.70
0.00
0.00
1376.26
3662.56
59.85
1354.77
7993.87
10862.24
8778.58
1769.43
9510.68
10341.07
10576.13
8477.97
3357.16
6346.20
2054.48
2830.09
3120.07
4373.71
0.00
1013.73
0.00
292.02
9222.34
2365.43
6834.74
2307.14
4778.01
2073.47
4454.84
1354.88
2786.61
1794.60
4616.71
1309.27
2190.65
1092.78
1416.69
2132.56
2932.34
3792.07
1112.81
1977.05
5234.49
85.41
2848.87
75.70
0.00
155.79
2768.43
41.88
0.00
6605.87
218.02
82.27
1261.32
1305.43
61.23
1226.55
437.85
1761.20
95.10
3472.17
2167.84
3213.52
0.00
2541.31
30.95
6272.86
0.00
1177.08
2414.22
4835.03
188.59
3154.46
1848.89
4767.64
0.00
1688.38
7886.35
4113.05
5582.81
876.75
1650.86
2162.97
6199.26
4752.77
97.35
1276.20
1893.39
2512.04
267.34
3290.58
2535.88
95.61
3490.58
3403.13
2787.10
2433.52
2062.09
2966.29
2583.75
855.31
1405.44
1586.20
4091.81
4124.38
3099.90
0.00
318.42
2393.85
2846.36
1857.14
7.16
2375.28
2519.84
635.78
813.51
93.33
584.09
320.46
4489.25
108.17
2552.69
11.97
3307.60
1843.38
194.92
162.41
3492.29
2785.13
2504.39
927.19
2193.12
4277.40
5285.95
5780.42
5613.33
4406.34
5377.75
7.38
117.89
1373.15
1477.95
2373.58
2434.00
1974.96
0.00
839.31
2908.04
2370.80
3675.97
6419.29
4043.89
1950.67
491.50
4142.73
155.03
547.47
4012.63
1291.86
287.28
2270.02
1216.02
125.37
365.97
5803.66
5682.33
5617.52
344.88
615.62
3509.15
149.75
1616.96
695.70
1511.97
2564.20
1021.54
0.00
337580.68
55604.50
40827.99
37454.02
32709.58
1225.10
10184.00
11503.30
82861.06
52174.05
29632.42
4678.23
