GROCERY 1890.21 845.06 985.38 0.00
FROZEN 426.11 495.97 535.97 0.00
SODA 1733.14 2257.25 3152.10 0.00
GROCERY 3159.80 820.08 2249.17 0.00
GM 0.00 0.00 368.15 0.00
NATURAL 349.65 0.00 0.00 0.00
GROCERY 1328.24 736.02 836.24 0.00
SODA 511.10 628.80 533.51 0.00
NATURAL 0.00 0.00 1.39 0.00
GROCERY 2676.05 2684.04 1023.05 0.00
SODA 0.00 0.00 1509.48 0.00
GROCERY 778.70 1156.17 7599.02 0.00
GROCERY 1141.25 934.59 1333.40 0.00
SODA 43.51 0.00 0.00 0.00
GROCERY 2270.66 2467.92 2181.21 0.00
GROCERY 1416.87 912.41 2338.91 0.00
GROCERY 1200.28 500.54 2182.48 0.00
GROCERY 0.00 0.00 15.75 0.00
GM 4712.07 4242.06 1573.95 0.00
HEALTH/BEAUTY 0.00 0.00 71.92 0.00
GROCERY 1291.43 2263.07 3048.10 0.00
GM 2041.24 1165.21 1418.73 0.00
HEALTH/BEAUTY 0.00 0.00 33.00 0.00
GROCERY 2146.50 1617.55 1092.94 0.00
GM 97.93 272.63 114.77 0.00
NATURAL 0.00 23.98 35.97 0.00
GROCERY 7468.57 5870.44 2753.83 0.00
SODA 0.00 0.00 202.05 0.00
GROCERY 883.89 930.70 907.69 0.00
GROCERY 0.00 1318.59 0.00 0.00
SODA 1917.18 0.00 1681.63 0.00
GROCERY 1084.19 1486.34 1816.99 0.00
SODA 1146.15 0.00 0.00 0.00
GROCERY 2780.47 1577.03 1958.25 0.00
SODA 0.00 1479.72 0.00 0.00
BEER 3534.90 3761.64 3870.00 0.00
DAIRY 6964.31 5666.04 7149.26 0.00
DAIRY 5748.00 5627.94 5209.34 0.00
DAIRY 2280.14 1992.68 3072.50 0.00
DAIRY 7967.01 7189.94 8233.58 0.00
DAIRY 1958.45 2486.02 3433.76 0.00
DAIRY 3164.03 1739.87 2933.39 0.00
DAIRY 1508.58 1410.87 1880.61 0.00
DAIRY 3361.82 2576.12 3005.25 0.00
DAIRY 3072.55 2629.48 3865.57 0.00
DAIRY 4401.88 3412.81 4339.85 0.00
DAIRY 1716.04 1127.19 1288.34 0.00
NATURAL 264.63 162.28 96.93 0.00
DAIRY 3796.83 2645.07 5082.32 0.00
DAIRY 3875.74 3417.18 4222.89 0.00
NATURAL 0.00 37.90 77.22 0.00
DAIRY 3592.51 1053.73 2997.07 0.00
DAIRY 0.00 0.00 362.42 0.00
FROZEN 777.13 749.36 426.39 0.00
GM 129.50 129.50 64.96 0.00
FROZEN 2312.13 2293.49 1192.54 0.00
GROCERY 0.00 105.00 0.00 0.00
DAIRY 0.00 147.00 279.20 0.00
FROZEN 297.62 1147.63 886.68 0.00
GM 226.08 59.80 120.01 0.00
DAIRY 1885.87 2240.31 3129.10 0.00
GROCERY 2070.73 383.11 2441.92 0.00
GM 1618.10 1117.48 1280.04 0.00
HEALTH/BEAUTY 0.00 0.00 63.00 0.00
GROCERY 0.00 0.00 506.18 0.00
DAIRY 135.58 99.80 111.04 0.00
GM 1347.60 79.18 237.40 0.00
HEALTH/BEAUTY 0.00 0.00 28.00 0.00
WINE 0.00 97.94 0.00 0.00
NATURAL 85.31 0.00 0.00 0.00
GROCERY 7022.00 4864.70 4664.87 0.00
GM 2976.95 1499.96 2475.43 0.00
HEALTH/BEAUTY 1279.85 784.36 1780.10 0.00
SODA 523.38 872.63 92.69 0.00
NATURAL 0.00 95.74 0.00 0.00
GROCERY 482.50 485.10 145.00 0.00
GM 1846.55 254.70 354.42 0.00
HEALTH/BEAUTY 203.50 152.90 330.75 0.00
BOOKS/MAGAZINES 240.00 148.00 0.00 0.00
GROCERY 0.00 12.50 30.00 0.00
GM 0.00 1051.12 0.00 0.00
CIGARETTES/TOB 3378.63 3383.50 1401.10 0.00
BEER 6084.07 5336.57 5994.13 0.00
BEER 4847.13 4968.87 6153.14 0.00
BEER 7989.58 10346.88 10138.64 0.00
LIQUOR 555.74 0.00 0.00 0.00
WINE 939.22 0.00 0.00 0.00
BEER 1701.52 1397.03 2021.56 0.00
BEER 3894.73 2101.30 2297.54 0.00
BEER 4109.26 4236.37 3436.14 0.00
BEER 1835.60 1531.23 975.27 0.00
BEER 1489.04 1006.81 857.49 0.00
GM 0.00 123.73 144.71 0.00
BEER 7483.64 6212.00 5565.38 0.00
LIQUOR 327.68 855.46 681.64 0.00
WINE 0.00 812.30 642.43 0.00
BEER 3905.64 4213.03 4286.72 0.00
LIQUOR 1036.63 0.00 0.00 0.00
GM 10.89 0.00 0.00 0.00
BEER 12.00 0.00 0.00 0.00
LIQUOR 702.51 0.00 0.00 0.00
WINE 866.47 0.00 0.00 0.00
LIQUOR 8241.41 6143.20 5203.62 0.00
GM 0.00 0.00 358.23 0.00
LIQUOR 0.00 0.00 7925.19 0.00
GROCERY 169.97 37.41 0.00 0.00
GM 2176.38 550.49 0.00 0.00
LIQUOR 7407.55 8053.20 0.00 0.00
WINE 430.09 0.00 0.00 0.00
BEER 3578.56 2353.23 2328.94 0.00
BEER 2943.69 3757.59 4785.83 0.00
LIQUOR 21048.10 16932.60 18407.50 0.00
BEER 0.00 3311.15 0.00 0.00
WINE 6283.42 1424.40 4333.13 0.00
BEER 0.00 0.00 418.69 0.00
WINE 3766.01 3744.38 3154.24 0.00
CIGARETTES/TOB 0.00 2.00 0.00 0.00
BEER 0.00 1.50 0.00 0.00
LIQUOR 0.00 131.92 47.75 0.00
WINE 0.00 763.66 1084.81 0.00
GM 0.00 1644.68 965.05 0.00
GM 1577.63 1128.97 923.39 0.00
LIQUOR 7224.23 7885.84 6706.10 0.00
GM 1150.04 627.82 796.11 0.00
BEER 0.00 834.93 0.00 0.00
LIQUOR 3496.12 0.00 1069.37 0.00
GM 35.91 0.00 0.00 0.00
BEER 0.00 435.19 0.00 0.00
LIQUOR 2984.63 0.00 2796.82 0.00
GM 0.00 59.88 44.91 0.00
WINE 1546.85 812.64 1441.32 0.00
GM 27.93 33.48 57.90 0.00
WINE 2420.15 862.92 1782.33 0.00
GM 31.92 50.22 41.94 0.00
WINE 2439.98 1227.67 1570.59 0.00
GM 63.84 0.00 0.00 0.00
BEER 0.00 0.00 60.83 0.00
LIQUOR 306.00 0.00 463.84 0.00
WINE 2709.74 796.11 412.11 0.00
GM 39.90 53.01 10.96 0.00
LIQUOR 319.84 0.00 0.00 0.00
WINE 1379.94 1439.00 598.80 0.00
GM 51.87 44.64 7.96 0.00
WINE 909.19 1109.04 971.19 0.00
GM 55.86 0.00 0.00 0.00
LIQUOR 1771.82 0.00 2201.75 0.00
WINE 0.00 1040.36 0.00 0.00
GM 27.93 7.98 26.91 0.00
BEER 0.00 1336.95 275.77 0.00
LIQUOR 1944.25 0.00 1165.17 0.00
GM 27.93 99.96 115.84 0.00
BEER 956.52 534.04 520.42 0.00
LIQUOR 2554.55 1102.79 1710.66 0.00
GROCERY 179.49 138.51 1.99 0.00
GM 189.67 486.00 330.61 0.00
BEER 3117.22 2706.57 3970.18 0.00
LIQUOR 3080.40 5764.14 2634.67 0.00
WINE 8016.21 6889.52 7079.73 0.00
WINE 9984.28 7509.63 7650.49 0.00
WINE 10259.10 9447.32 8877.79 0.00
WINE 10602.88 9813.58 9483.18 0.00
WINE 10964.74 9779.58 9741.87 0.00
WINE 12587.19 10811.73 10995.50 0.00
WINE 12897.73 12488.32 10519.88 0.00
WINE 12471.74 11504.95 11469.00 0.00
WINE 11335.64 12495.69 9799.98 0.00
WINE 12263.22 10158.50 11201.67 0.00
WINE 5870.47 6512.65 5540.59 0.00
LIQUOR 0.00 2348.21 2674.43 0.00
WINE 5895.48 3777.54 3560.70 0.00
BEER 0.00 119.91 0.00 0.00
LIQUOR 4803.33 4969.48 5351.30 0.00
WINE 759.72 226.01 0.00 0.00
GM 0.00 25.96 32.45 0.00
LIQUOR 20218.15 19467.26 16978.17 0.00
LIQUOR 17292.60 12900.29 12354.55 0.00
LIQUOR 13445.51 11506.98 12477.11 0.00
LIQUOR 12496.88 10890.80 10939.32 0.00
LIQUOR 10978.66 10142.92 9450.00 0.00
WINE 1425.26 1239.75 616.75 0.00
LIQUOR 23291.48 16851.52 16176.76 0.00
GM 0.00 0.00 13.86 0.00
LIQUOR 26818.74 21115.81 19182.09 0.00
LIQUOR 18395.52 20433.28 17087.39 0.00
WINE 6074.22 2963.05 1323.91 0.00
BEER 0.00 0.00 61.47 0.00
LIQUOR 2599.07 1714.53 1371.40 0.00
WINE 0.00 55.96 209.85 0.00
GROCERY 1873.97 2219.58 2216.26 0.00
GM 0.00 40.62 40.90 0.00
CARDS 2033.04 1313.88 2782.92 0.00
NATURAL 53.91 53.91 0.00 0.00
GROCERY 1629.65 2115.11 1288.78 0.00
GROCERY 789.70 618.76 758.48 0.00
GROCERY 59.95 293.02 885.85 0.00
SODA 481.90 315.32 144.00 0.00
GROCERY 622.00 603.37 1333.64 0.00
GROCERY 1142.46 1496.35 768.74 0.00
GM 471.57 1008.21 315.71 0.00
HEALTH/BEAUTY 818.09 0.00 37.00 0.00
GROCERY 622.78 499.22 513.53 0.00
GM 2012.01 1575.11 1230.22 0.00
HEALTH/BEAUTY 0.00 14.00 0.00 0.00
BOOKS/MAGAZINES 1050.28 942.77 996.97 0.00
SODA 601.72 526.87 622.86 0.00
GROCERY 764.89 653.08 791.89 0.00
HEALTH/BEAUTY 1185.89 987.13 1603.13 0.00
BOOKS/MAGAZINES 927.07 742.69 1040.14 0.00
GROCERY 858.76 862.90 1449.63 0.00
GM 589.41 619.38 659.34 0.00
SODA 681.75 251.37 0.00 0.00
GROCERY 865.73 1046.84 1592.29 0.00
DAIRY 0.00 0.00 143.91 0.00
HEALTH/BEAUTY 4780.09 0.00 0.00 0.00
CARDS 553.89 518.96 608.78 0.00
GROCERY 3904.10 3509.85 4005.15 0.00
GM 197.67 179.70 107.77 0.00
HEALTH/BEAUTY 142.71 9.95 108.46 0.00
NATURAL 97.25 162.73 184.84 0.00
GROCERY 1039.19 915.58 1268.81 0.00
GM 414.23 69.82 121.56 0.00
GM 8787.74 7671.87 6000.05 0.00
NATURAL 726.66 2007.27 1843.74 0.00
NATURAL 1309.49 1510.42 563.78 0.00
NATURAL 0.00 0.00 756.45 0.00
CARDS 664.91 646.24 0.00 0.00
NATURAL 1020.79 572.39 334.37 0.00
GROCERY 877.75 735.59 702.32 0.00
NATURAL 1099.79 1034.94 822.08 0.00
GROCERY 2231.70 1249.62 2971.44 0.00
DAIRY 132.65 0.00 0.00 0.00
GROCERY 1007.46 925.97 1091.65 0.00
SODA 174.53 53.91 30.03 0.00
GROCERY 2441.46 938.80 4432.77 0.00
GM 350.73 97.62 80.46 0.00
GROCERY 2900.92 899.49 2653.30 0.00
HEALTH/BEAUTY 501.92 495.71 433.85 0.00
GROCERY 0.00 233.82 0.00 0.00
GM 3753.11 3722.82 1114.33 0.00
HEALTH/BEAUTY 935.59 692.92 1810.78 0.00
GROCERY 537.45 313.44 274.92 0.00
HEALTH/BEAUTY 1221.02 1551.76 1684.62 0.00
SODA 381.80 497.82 832.28 0.00
GROCERY 901.32 444.27 823.89 0.00
GM 89.79 74.76 477.00 0.00
GROCERY 3890.72 3449.97 4594.95 0.00
GM 0.00 0.00 0.00 0.00
GROCERY 1190.43 604.48 681.81 0.00
GROCERY 322.50 665.40 957.90 0.00
GM 0.00 233.87 179.10 0.00
HEALTH/BEAUTY 610.78 0.00 0.00 0.00
SODA 76.33 0.00 0.00 0.00
GROCERY 339.84 701.43 171.00 0.00
DAIRY 0.00 0.00 595.62 0.00
GM 62.80 155.61 0.00 0.00
BEER 727.48 639.59 0.00 0.00
LIQUOR 1551.03 0.00 0.00 0.00
DAIRY 954.97 506.25 668.18 0.00
FROZEN 526.98 298.53 1706.81 0.00
GROCERY 123.34 379.09 182.69 0.00
DAIRY 766.99 565.66 1245.94 0.00
NATURAL 632.54 742.52 164.80 0.00
NATURAL 4913.63 4676.14 4073.55 0.00
NATURAL 7359.12 6270.00 3771.11 0.00
NATURAL 3254.39 2285.04 1517.27 0.00
NATURAL 5449.93 4378.95 3911.97 0.00
NATURAL 5345.48 5843.70 3049.31 0.00
NATURAL 3182.42 3302.80 2867.81 0.00
NATURAL 5930.62 5057.13 3958.53 0.00
NATURAL 4572.71 3998.28 3344.68 0.00
NATURAL 3861.83 2536.62 2249.25 0.00
NATURAL 2910.49 2517.98 2130.47 0.00
NATURAL 7228.77 7005.19 4484.62 0.00
NATURAL 5233.41 4294.01 3504.42 0.00
NATURAL 5830.88 5717.14 4237.29 0.00
NATURAL 2959.27 3005.02 2013.22 0.00
NATURAL 3268.02 2350.80 1912.75 0.00
NATURAL 2972.63 3280.39 2823.40 0.00
NATURAL 1980.43 1749.05 1748.38 0.00
NATURAL 3238.53 3024.15 3138.20 0.00
NATURAL 4682.92 3863.32 3076.36 0.00
NATURAL 6794.23 5172.78 6442.38 0.00
NATURAL 4786.74 4120.36 3671.14 0.00
NATURAL 3425.22 3446.43 2782.12 0.00
NATURAL 5459.97 5510.54 4408.99 0.00
NATURAL 5883.47 4499.73 3959.74 0.00
NATURAL 4140.38 3313.71 3385.16 0.00
NATURAL 2969.09 2261.50 2476.91 0.00
NATURAL 4215.28 3496.39 3559.52 0.00
NATURAL 4084.06 3468.40 3478.65 0.00
GM 0.00 175.12 0.00 0.00
NATURAL 119.40 0.00 0.00 0.00
GROCERY 1344.14 1663.96 969.04 0.00
NATURAL 58.68 0.00 0.00 0.00
GROCERY 2683.79 2799.21 2578.44 0.00
GROCERY 2033.43 2174.52 2254.86 0.00
HEALTH/BEAUTY 6372.20 4231.32 4832.47 0.00
NATURAL 5239.87 4526.95 3726.40 0.00
GROCERY 139.65 258.13 187.53 0.00
HEALTH/BEAUTY 4680.29 4789.30 4778.98 0.00
NATURAL 2762.31 2205.94 1616.88 0.00
HEALTH/BEAUTY 12099.66 11066.59 10881.37 0.00
NATURAL 5512.21 5910.20 5775.95 0.00
GROCERY 3917.10 5471.88 4742.41 0.00
NATURAL 155.20 103.56 254.46 0.00
GROCERY 5361.27 5336.82 4641.34 0.00
GROCERY 4759.06 4367.95 4741.94 0.00
GROCERY 2917.51 3126.06 2863.51 0.00
NATURAL 121.23 43.89 139.77 0.00
GROCERY 893.65 1457.14 1338.99 0.00
GROCERY 1856.36 2577.53 1593.15 0.00
NATURAL 355.53 0.00 0.00 0.00
GM 113.10 89.74 142.14 0.00
HEALTH/BEAUTY 0.00 0.00 9.52 0.00
GROCERY 2818.27 3155.04 3166.63 0.00
GROCERY 3092.83 2730.44 3181.37 0.00
GROCERY 4822.38 5083.16 4726.02 0.00
GROCERY 3610.21 3505.45 2826.32 0.00
GROCERY 2151.39 2245.40 2310.06 0.00
NATURAL 85.41 0.00 0.00 0.00
GROCERY 6088.39 5968.31 6055.42 0.00
GROCERY 4943.16 4330.93 4638.49 0.00
GROCERY 2628.60 2361.72 2671.89 0.00
GROCERY 2174.53 2056.13 2078.07 0.00
NATURAL 316.01 334.44 274.25 0.00
GROCERY 1203.95 978.23 1107.60 0.00
GROCERY 5770.24 4549.96 5097.06 0.00
NATURAL 91.29 105.61 62.65 0.00
GROCERY 4451.84 4715.01 4544.93 0.00
DAIRY 45.02 0.00 7.54 0.00
NATURAL 9.98 0.00 0.00 0.00
GROCERY 5566.09 5471.91 4858.17 0.00
GROCERY 49.90 19.96 39.92 0.00
GM 159.87 118.64 153.39 0.00
GROCERY 2067.36 1792.49 1639.72 0.00
GROCERY 4769.11 3520.24 3502.35 0.00
GROCERY 3298.97 2832.90 2379.45 0.00
GROCERY 3077.13 3117.56 2767.19 0.00
SODA 121.52 113.39 129.33 0.00
GROCERY 3783.71 2925.16 4081.61 0.00
GM 29.85 0.00 0.00 0.00
NATURAL 15.96 290.94 0.00 0.00
GROCERY 3557.72 2945.70 3444.40 0.00
NATURAL 164.72 182.25 81.41 0.00
GROCERY 4620.41 4239.79 4762.02 0.00
GROCERY 3506.88 2597.01 3340.35 0.00
GROCERY 4998.00 4652.75 4578.18 0.00
NATURAL 17.91 0.00 0.00 0.00
GROCERY 3752.81 3338.34 3580.34 0.00
GROCERY 1333.41 1313.48 1316.30 0.00
GROCERY 2698.66 2583.11 2870.41 0.00
GROCERY 1320.27 1025.81 1215.55 0.00
GROCERY 4386.78 4174.18 3425.75 0.00
GM 210.43 179.59 222.28 0.00
GROCERY 3003.45 1928.68 2852.08 0.00
GROCERY 2893.33 2299.17 2063.21 0.00
GROCERY 2322.62 1589.38 1672.50 0.00
GROCERY 2146.40 1778.39 1760.13 0.00
GROCERY 346.72 444.01 407.95 0.00
GROCERY 4343.99 2927.91 3221.00 0.00
GROCERY 2948.32 2456.01 2439.31 0.00
GROCERY 1681.17 1807.84 1347.03 0.00
GROCERY 2555.65 1259.53 2107.24 0.00
GROCERY 3935.92 2539.98 3228.54 0.00
NATURAL 35.90 51.48 132.21 0.00
GROCERY 2445.34 2015.14 2480.57 0.00
GROCERY 5726.39 4217.41 4849.38 0.00
GROCERY 3818.49 3404.13 3392.17 0.00
GROCERY 0.00 0.00 49.90 0.00
GM 214.54 281.32 327.01 0.00
GROCERY 3758.90 3594.51 3628.14 0.00
HEALTH/BEAUTY 0.00 0.00 142.23 0.00
NATURAL 0.00 34.97 88.92 0.00
GROCERY 1054.75 1338.41 1209.48 0.00
NATURAL 0.00 18.95 75.32 0.00
GROCERY 1113.96 1680.35 1181.43 0.00
GM 906.54 951.46 934.97 0.00
GROCERY 29.52 0.00 0.00 0.00
GM 2726.27 2090.44 1957.92 0.00
GROCERY 954.97 987.45 1220.52 0.00
GROCERY 6880.48 7700.69 7425.80 0.00
GROCERY 481.66 837.10 659.22 0.00
GROCERY 2686.01 2023.36 2411.70 0.00
NATURAL 17.45 0.00 0.00 0.00
GROCERY 1472.39 1077.25 1547.86 0.00
GROCERY 459.67 434.82 0.00 0.00
GM 1074.35 554.45 1084.49 0.00
HEALTH/BEAUTY 122.00 58.94 34.93 0.00
NATURAL 119.72 86.16 0.00 0.00
CARDS 12656.15 12295.66 12617.04 0.00
GM 84.28 118.39 168.23 0.00
CARDS 153.24 149.22 0.00 0.00
GROCERY 1961.64 2327.78 1779.34 0.00
NATURAL 103.92 51.96 239.84 0.00
HEALTH/BEAUTY 983.42 900.70 919.54 0.00
NATURAL 75.91 0.00 0.00 0.00
GM 5.99 0.00 0.00 0.00
HEALTH/BEAUTY 1226.77 1376.26 1147.65 0.00
GROCERY 4607.04 3662.56 0.00 0.00
GM 67.35 59.85 0.00 0.00
HEALTH/BEAUTY 1293.79 1354.77 4601.17 0.00
HEALTH/BEAUTY 7257.73 7993.87 7168.09 0.00
HEALTH/BEAUTY 14364.99 10862.24 10877.28 0.00
HEALTH/BEAUTY 8344.61 8778.58 7898.19 0.00
HEALTH/BEAUTY 2088.21 1769.43 2034.93 0.00
HEALTH/BEAUTY 13227.75 9510.68 8854.93 0.00
HEALTH/BEAUTY 13263.48 10341.07 9213.33 0.00
HEALTH/BEAUTY 2075.89 10576.13 10699.72 0.00
HEALTH/BEAUTY 8814.29 8477.97 8890.64 0.00
HEALTH/BEAUTY 3360.10 3357.16 3585.96 0.00
HEALTH/BEAUTY 8027.40 6346.20 6788.60 0.00
HEALTH/BEAUTY 2566.51 2054.48 2132.42 0.00
HEALTH/BEAUTY 2856.13 2830.09 2776.31 0.00
HEALTH/BEAUTY 3211.97 3120.07 3527.71 0.00
GROCERY 3099.59 4373.71 1836.48 0.00
HEALTH/BEAUTY 0.00 0.00 1822.56 0.00
NATURAL 353.78 1013.73 816.90 0.00
GM 159.55 0.00 309.09 0.00
HEALTH/BEAUTY 62.05 292.02 9.54 0.00
GROCERY 9375.40 9222.34 6621.31 0.00
GROCERY 3162.78 2365.43 2556.02 0.00
GROCERY 6769.77 6834.74 5938.33 0.00
GROCERY 2720.55 2307.14 2497.49 0.00
GROCERY 4305.86 4778.01 4106.14 0.00
GROCERY 3122.16 2073.47 2288.97 0.00
GROCERY 4037.22 4454.84 4332.12 0.00
GROCERY 1334.62 1354.88 1392.44 0.00
GM 2840.82 2786.61 2403.61 0.00
GROCERY 1736.17 1794.60 2174.78 0.00
GROCERY 5316.59 4616.71 4223.44 0.00
GROCERY 1474.27 1309.27 1326.73 0.00
NATURAL 1797.59 2190.65 400.85 0.00
GROCERY 1188.39 1092.78 1097.29 0.00
NATURAL 947.84 1416.69 488.04 0.00
GROCERY 2905.11 2132.56 2071.26 0.00
GM 3073.78 2932.34 2866.34 0.00
GM 4008.60 3792.07 2825.97 0.00
GM 965.67 1112.81 969.05 0.00
GROCERY 1862.75 1977.05 2203.73 0.00
GROCERY 3033.75 5234.49 2696.41 0.00
NATURAL 0.00 85.41 0.00 0.00
GROCERY 6313.68 2848.87 6748.80 0.00
NATURAL 105.90 75.70 215.76 0.00
BULK NAT FOOD 0.00 0.00 55.98 0.00
GM 181.01 155.79 339.72 0.00
GROCERY 2787.82 2768.43 2985.63 0.00
GM 0.00 41.88 0.00 0.00
NATURAL 60.39 0.00 0.00 0.00
GROCERY 7113.31 6605.87 6227.20 0.00
GM 27.55 218.02 258.04 0.00
NATURAL 144.77 82.27 84.74 0.00
GM 1653.08 1261.32 1207.12 0.00
GROCERY 1488.09 1305.43 1583.42 0.00
GM 49.83 61.23 69.34 0.00
GROCERY 3115.80 1226.55 2083.02 0.00
NATURAL 321.35 437.85 0.00 0.00
GROCERY 2060.54 1761.20 1941.02 0.00
GROCERY 137.35 95.10 129.43 0.00
GM 4492.56 3472.17 2552.10 0.00
GM 3206.42 2167.84 2232.54 0.00
GM 3980.59 3213.52 3738.08 0.00
HEALTH/BEAUTY 108.00 0.00 0.00 0.00
GROCERY 2935.02 2541.31 2743.38 0.00
NATURAL 0.00 30.95 0.00 0.00
GROCERY 4892.60 6272.86 5652.60 0.00
GM 0.00 0.00 60.47 0.00
GM 1350.21 1177.08 1086.20 0.00
GROCERY 3170.34 2414.22 2403.55 0.00
GROCERY 5634.06 4835.03 5648.79 0.00
GM 151.72 188.59 273.10 0.00
GM 4082.56 3154.46 2612.40 0.00
GM 1868.32 1848.89 1862.19 0.00
GROCERY 4704.19 4767.64 4333.69 0.00
NATURAL 43.45 0.00 0.00 0.00
GROCERY 2093.81 1688.38 1880.17 0.00
GROCERY 9007.30 7886.35 8400.71 0.00
GROCERY 3936.69 4113.05 5527.75 0.00
GROCERY 6979.34 5582.81 5284.03 0.00
GM 1693.89 876.75 1199.26 0.00
GROCERY 1848.38 1650.86 1656.12 0.00
GROCERY 1939.56 2162.97 1958.33 0.00
GROCERY 6528.74 6199.26 6357.38 0.00
GROCERY 4545.61 4752.77 5571.83 0.00
NATURAL 113.88 97.35 84.90 0.00
GROCERY 3453.70 1276.20 3277.11 0.00
NATURAL 460.12 1893.39 325.51 0.00
GROCERY 3049.45 2512.04 3628.86 0.00
NATURAL 149.75 267.34 131.78 0.00
GROCERY 2583.13 3290.58 2802.04 0.00
GROCERY 2850.85 2535.88 3014.37 0.00
GM 80.25 95.61 152.96 0.00
GROCERY 3288.86 3490.58 3247.90 0.00
GROCERY 3309.83 3403.13 3035.60 0.00
GROCERY 3588.53 2787.10 3438.47 0.00
GROCERY 2486.22 2433.52 2010.32 0.00
GROCERY 2030.98 2062.09 2121.67 0.00
GROCERY 3301.80 2966.29 2869.37 0.00
GROCERY 3197.18 2583.75 2827.33 0.00
GROCERY 868.11 855.31 477.76 0.00
GROCERY 1057.78 1405.44 1324.04 0.00
GROCERY 1455.04 1586.20 1324.31 0.00
GROCERY 4592.27 4091.81 2884.34 0.00
GROCERY 4195.70 4124.38 4248.85 0.00
GROCERY 3968.76 3099.90 3964.37 0.00
GROCERY 197.16 0.00 0.00 0.00
GM 75.66 318.42 211.37 0.00
GROCERY 2795.35 2393.85 2084.05 0.00
GROCERY 3178.94 2846.36 2370.25 0.00
GROCERY 1611.95 1857.14 1783.12 0.00
NATURAL 4.50 7.16 21.53 0.00
GROCERY 2970.72 2375.28 2931.62 0.00
GROCERY 3373.26 2519.84 2711.68 0.00
GROCERY 48.93 635.78 0.00 0.00
SODA 1217.28 813.51 1459.27 0.00
LIQUOR 164.70 93.33 0.00 0.00
GROCERY 271.75 584.09 105.07 0.00
SODA 737.62 320.46 588.74 0.00
SODA 5232.45 4489.25 3441.59 0.00
GROCERY 188.71 108.17 119.97 0.00
SODA 3580.25 2552.69 2499.06 0.00
GROCERY 0.00 11.97 0.00 0.00
SODA 2946.60 3307.60 2243.30 0.00
GROCERY 2153.20 1843.38 2008.23 0.00
GM 439.48 194.92 243.90 0.00
GM 104.34 162.41 252.50 0.00
FROZEN 4206.68 3492.29 3404.77 0.00
FROZEN 3921.30 2785.13 3139.99 0.00
FROZEN 3568.04 2504.39 2934.93 0.00
FROZEN 1217.15 927.19 1201.31 0.00
GROCERY 2762.71 2193.12 2528.46 0.00
GROCERY 3983.79 4277.40 3976.11 0.00
FROZEN 5046.10 5285.95 5881.43 0.00
FROZEN 6981.12 5780.42 6561.38 0.00
FROZEN 5697.14 5613.33 6024.04 0.00
FROZEN 6410.56 4406.34 4893.27 0.00
FROZEN 6031.53 5377.75 4697.75 0.00
GROCERY 15.06 7.38 20.24 0.00
GM 65.78 117.89 194.78 0.00
FROZEN 2857.55 1373.15 2081.70 0.00
FROZEN 2037.10 1477.95 2079.07 0.00
FROZEN 2450.14 2373.58 3048.59 0.00
FROZEN 2589.29 2434.00 2356.01 0.00
FROZEN 1644.37 1974.96 1089.64 0.00
NATURAL 0.00 0.00 169.20 0.00
FROZEN 804.76 839.31 675.01 0.00
FROZEN 3644.13 2908.04 3194.44 0.00
FROZEN 2880.09 2370.80 3641.68 0.00
FROZEN 3757.99 3675.97 4557.30 0.00
FROZEN 8167.75 6419.29 8569.64 0.00
FROZEN 5749.30 4043.89 4845.23 0.00
FROZEN 2765.44 1950.67 2692.30 0.00
GM 43.92 491.50 401.68 0.00
FROZEN 4694.81 4142.73 4721.93 0.00
NATURAL 92.61 155.03 189.53 0.00
FROZEN 771.07 547.47 552.49 0.00
FROZEN 3644.21 4012.63 3188.93 0.00
FROZEN 2693.96 1291.86 1870.97 0.00
NATURAL 129.24 287.28 109.91 0.00
FROZEN 3241.01 2270.02 3110.33 0.00
FROZEN 1151.37 1216.02 1226.14 0.00
GROCERY 0.00 125.37 0.00 0.00
NATURAL 90.00 365.97 90.00 0.00
NATURAL 5496.17 5803.66 3832.56 0.00
NATURAL 5819.26 5682.33 2964.35 0.00
NATURAL 4879.53 5617.52 2906.01 0.00
NATURAL 389.22 344.88 905.00 0.00
GM 95.84 615.62 347.42 0.00
NATURAL 4060.73 3509.15 3209.45 0.00
GM 0.00 149.75 0.00 0.00
NATURAL 2100.80 1616.96 1795.49 0.00
NATURAL 2323.73 695.70 755.51 0.00
NATURAL 1156.02 1511.97 1131.16 0.00
NATURAL 266.31 2564.20 1625.33 0.00
NATURAL 1992.10 1021.54 1091.63 0.00
GM 2290.62 0.00 599.86 0.00
GROCERY 347472.00 337580.68 344401.14 0.00
DAIRY 40841.65 55604.50 46207.26 0.00
FROZEN 52203.92 40827.99 50157.78 0.00
GM 44512.60 37454.02 31627.66 0.00
HEALTH/BEAUTY 29557.00 32709.58 26181.02 0.00
CARDS 2341.02 1225.10 1994.25 0.00
SODA 15051.73 10184.00 13686.52 0.00
BEER 12158.20 11503.30 16166.08 0.00
LIQUOR 118930.94 82861.06 102409.01 0.00
WINE 47772.15 52174.05 49547.99 0.00
NATURAL 13913.99 29632.42 9086.70 0.00
BULK NAT FOOD 5923.33 4678.23 4727.27 0.00
